Nr: 0 gives: 0
Nr: 1 gives: 0
i: 2, a: 1, m[-1]+1: 1
[1]
Nr: 2 gives: 1

i: 3, a: 2, m[-1]+1: 2
[1, 2]
Nr: 3 gives: 2

i: 4, a: 2, m[-1]+1: 3
[1, 2]
Nr: 4 gives: 2

i: 5, a: 3, m[-1]+1: 3
[1, 2, 3]
Nr: 5 gives: 3

i: 6, a: 3, m[-1]+1: 4
[1, 2, 3]
Nr: 6 gives: 3

i: 7, a: 4, m[-1]+1: 4
[1, 2, 3, 4]
Nr: 7 gives: 4

i: 8, a: 3, m[-1]+1: 5
[1, 2, 3, 4]
Nr: 8 gives: 3

i: 9, a: 3, m[-1]+1: 4
[1, 2, 3, 4]
Nr: 9 gives: 3

i: 10, a: 4, m[-1]+1: 4
[1, 2, 3, 4]
Nr: 10 gives: 4

i: 11, a: 5, m[-1]+1: 5
[1, 2, 3, 4, 5]
Nr: 11 gives: 5

i: 12, a: 4, m[-1]+1: 6
[1, 2, 3, 4, 5]
Nr: 12 gives: 4

i: 13, a: 5, m[-1]+1: 5
[1, 2, 3, 4, 5, 5]
Nr: 13 gives: 5

i: 14, a: 5, m[-1]+1: 6
[1, 2, 3, 4, 5, 5]
Nr: 14 gives: 5

i: 15, a: 5, m[-1]+1: 6
[1, 2, 3, 4, 5, 5]
Nr: 15 gives: 5

i: 16, a: 4, m[-1]+1: 6
[1, 2, 3, 4, 5, 5]
Nr: 16 gives: 4

i: 17, a: 5, m[-1]+1: 5
[1, 2, 3, 4, 5, 5, 5]
Nr: 17 gives: 5

i: 18, a: 4, m[-1]+1: 6
[1, 2, 3, 4, 5, 5, 5]
Nr: 18 gives: 4

i: 19, a: 5, m[-1]+1: 5
[1, 2, 3, 4, 5, 5, 5, 5]
Nr: 19 gives: 5

i: 20, a: 5, m[-1]+1: 6
[1, 2, 3, 4, 5, 5, 5, 5]
Nr: 20 gives: 5

i: 21, a: 6, m[-1]+1: 6
[1, 2, 3, 4, 5, 5, 5, 5]
Nr: 21 gives: 6

i: 22, a: 6, m[-1]+1: 7
[1, 2, 3, 4, 5, 5, 5, 5]
Nr: 22 gives: 6

i: 23, a: 7, m[-1]+1: 7
[1, 2, 3, 4, 5, 5, 5, 5, 7]
Nr: 23 gives: 7

i: 24, a: 5, m[-1]+1: 8
[1, 2, 3, 4, 5, 5, 5, 5, 7]
Nr: 24 gives: 5

i: 25, a: 4, m[-1]+1: 6
[1, 2, 3, 4, 5, 5, 5, 5, 7]
Nr: 25 gives: 4

i: 26, a: 6, m[-1]+1: 5
[1, 2, 3, 4, 5, 5, 5, 5, 7]
Nr: 26 gives: 5

i: 27, a: 4, m[-1]+1: 6
[1, 2, 3, 4, 5, 5, 5, 5, 7]
Nr: 27 gives: 4

i: 28, a: 6, m[-1]+1: 5
[1, 2, 3, 4, 5, 5, 5, 5, 7]
Nr: 28 gives: 5

i: 29, a: 6, m[-1]+1: 6
[1, 2, 3, 4, 5, 5, 5, 5, 7, 6]
Nr: 29 gives: 6

i: 30, a: 6, m[-1]+1: 7
[1, 2, 3, 4, 5, 5, 5, 5, 7, 6]
Nr: 30 gives: 6

i: 31, a: 7, m[-1]+1: 7
[1, 2, 3, 4, 5, 5, 5, 5, 7, 6, 7]
Nr: 31 gives: 7

i: 32, a: 5, m[-1]+1: 8
[1, 2, 3, 4, 5, 5, 5, 5, 7, 6, 7]
Nr: 32 gives: 5

i: 33, a: 7, m[-1]+1: 6
[1, 2, 3, 4, 5, 5, 5, 5, 7, 6, 7]
Nr: 33 gives: 6

i: 34, a: 6, m[-1]+1: 7
[1, 2, 3, 4, 5, 5, 5, 5, 7, 6, 7]
Nr: 34 gives: 6

i: 35, a: 7, m[-1]+1: 7
[1, 2, 3, 4, 5, 5, 5, 5, 7, 6, 7]
Nr: 35 gives: 7

i: 36, a: 5, m[-1]+1: 8
[1, 2, 3, 4, 5, 5, 5, 5, 7, 6, 7]
Nr: 36 gives: 5

i: 37, a: 6, m[-1]+1: 6
[1, 2, 3, 4, 5, 5, 5, 5, 7, 6, 7, 6]
Nr: 37 gives: 6

i: 38, a: 6, m[-1]+1: 7
[1, 2, 3, 4, 5, 5, 5, 5, 7, 6, 7, 6]
Nr: 38 gives: 6

i: 39, a: 7, m[-1]+1: 7
[1, 2, 3, 4, 5, 5, 5, 5, 7, 6, 7, 6]
Nr: 39 gives: 7

i: 40, a: 6, m[-1]+1: 8
[1, 2, 3, 4, 5, 5, 5, 5, 7, 6, 7, 6]
Nr: 40 gives: 6

i: 41, a: 7, m[-1]+1: 7
[1, 2, 3, 4, 5, 5, 5, 5, 7, 6, 7, 6, 7]
Nr: 41 gives: 7

i: 42, a: 7, m[-1]+1: 8
[1, 2, 3, 4, 5, 5, 5, 5, 7, 6, 7, 6, 7]
Nr: 42 gives: 7

i: 43, a: 8, m[-1]+1: 8
[1, 2, 3, 4, 5, 5, 5, 5, 7, 6, 7, 6, 7, 8]
Nr: 43 gives: 8

i: 44, a: 7, m[-1]+1: 9
[1, 2, 3, 4, 5, 5, 5, 5, 7, 6, 7, 6, 7, 8]
Nr: 44 gives: 7

i: 45, a: 6, m[-1]+1: 8
[1, 2, 3, 4, 5, 5, 5, 5, 7, 6, 7, 6, 7, 8]
Nr: 45 gives: 6

i: 46, a: 8, m[-1]+1: 7
[1, 2, 3, 4, 5, 5, 5, 5, 7, 6, 7, 6, 7, 8]
Nr: 46 gives: 7

i: 47, a: 8, m[-1]+1: 8
[1, 2, 3, 4, 5, 5, 5, 5, 7, 6, 7, 6, 7, 8, 8]
Nr: 47 gives: 8

i: 48, a: 6, m[-1]+1: 9
[1, 2, 3, 4, 5, 5, 5, 5, 7, 6, 7, 6, 7, 8, 8]
Nr: 48 gives: 6

i: 49, a: 5, m[-1]+1: 7
[1, 2, 3, 4, 5, 5, 5, 5, 7, 6, 7, 6, 7, 8, 8]
Nr: 49 gives: 5

i: 50, a: 5, m[-1]+1: 6
[1, 2, 3, 4, 5, 5, 5, 5, 7, 6, 7, 6, 7, 8, 8]
Nr: 50 gives: 5

i: 51, a: 7, m[-1]+1: 6
[1, 2, 3, 4, 5, 5, 5, 5, 7, 6, 7, 6, 7, 8, 8]
Nr: 51 gives: 6

i: 52, a: 7, m[-1]+1: 7
[1, 2, 3, 4, 5, 5, 5, 5, 7, 6, 7, 6, 7, 8, 8]
Nr: 52 gives: 7

i: 53, a: 8, m[-1]+1: 8
[1, 2, 3, 4, 5, 5, 5, 5, 7, 6, 7, 6, 7, 8, 8, 8]
Nr: 53 gives: 8

i: 54, a: 5, m[-1]+1: 9
[1, 2, 3, 4, 5, 5, 5, 5, 7, 6, 7, 6, 7, 8, 8, 8]
Nr: 54 gives: 5

i: 55, a: 8, m[-1]+1: 6
[1, 2, 3, 4, 5, 5, 5, 5, 7, 6, 7, 6, 7, 8, 8, 8]
Nr: 55 gives: 6

i: 56, a: 7, m[-1]+1: 7
[1, 2, 3, 4, 5, 5, 5, 5, 7, 6, 7, 6, 7, 8, 8, 8]
Nr: 56 gives: 7

i: 57, a: 7, m[-1]+1: 8
[1, 2, 3, 4, 5, 5, 5, 5, 7, 6, 7, 6, 7, 8, 8, 8]
Nr: 57 gives: 7

i: 58, a: 7, m[-1]+1: 8
[1, 2, 3, 4, 5, 5, 5, 5, 7, 6, 7, 6, 7, 8, 8, 8]
Nr: 58 gives: 7

i: 59, a: 8, m[-1]+1: 8
[1, 2, 3, 4, 5, 5, 5, 5, 7, 6, 7, 6, 7, 8, 8, 8, 8]
Nr: 59 gives: 8

i: 60, a: 7, m[-1]+1: 9
[1, 2, 3, 4, 5, 5, 5, 5, 7, 6, 7, 6, 7, 8, 8, 8, 8]
Nr: 60 gives: 7

i: 61, a: 8, m[-1]+1: 8
[1, 2, 3, 4, 5, 5, 5, 5, 7, 6, 7, 6, 7, 8, 8, 8, 8, 8]
Nr: 61 gives: 8

i: 62, a: 8, m[-1]+1: 9
[1, 2, 3, 4, 5, 5, 5, 5, 7, 6, 7, 6, 7, 8, 8, 8, 8, 8]
Nr: 62 gives: 8

i: 63, a: 7, m[-1]+1: 9
[1, 2, 3, 4, 5, 5, 5, 5, 7, 6, 7, 6, 7, 8, 8, 8, 8, 8]
Nr: 63 gives: 7

i: 64, a: 6, m[-1]+1: 8
[1, 2, 3, 4, 5, 5, 5, 5, 7, 6, 7, 6, 7, 8, 8, 8, 8, 8]
Nr: 64 gives: 6

i: 65, a: 8, m[-1]+1: 7
[1, 2, 3, 4, 5, 5, 5, 5, 7, 6, 7, 6, 7, 8, 8, 8, 8, 8]
Nr: 65 gives: 7

i: 66, a: 8, m[-1]+1: 8
[1, 2, 3, 4, 5, 5, 5, 5, 7, 6, 7, 6, 7, 8, 8, 8, 8, 8]
Nr: 66 gives: 8

i: 67, a: 9, m[-1]+1: 9
[1, 2, 3, 4, 5, 5, 5, 5, 7, 6, 7, 6, 7, 8, 8, 8, 8, 8, 9]
Nr: 67 gives: 9

i: 68, a: 7, m[-1]+1: 10
[1, 2, 3, 4, 5, 5, 5, 5, 7, 6, 7, 6, 7, 8, 8, 8, 8, 8, 9]
Nr: 68 gives: 7

i: 69, a: 9, m[-1]+1: 8
[1, 2, 3, 4, 5, 5, 5, 5, 7, 6, 7, 6, 7, 8, 8, 8, 8, 8, 9]
Nr: 69 gives: 8

i: 70, a: 8, m[-1]+1: 9
[1, 2, 3, 4, 5, 5, 5, 5, 7, 6, 7, 6, 7, 8, 8, 8, 8, 8, 9]
Nr: 70 gives: 8

i: 71, a: 9, m[-1]+1: 9
[1, 2, 3, 4, 5, 5, 5, 5, 7, 6, 7, 6, 7, 8, 8, 8, 8, 8, 9, 9]
Nr: 71 gives: 9

i: 72, a: 6, m[-1]+1: 10
[1, 2, 3, 4, 5, 5, 5, 5, 7, 6, 7, 6, 7, 8, 8, 8, 8, 8, 9, 9]
Nr: 72 gives: 6

i: 73, a: 7, m[-1]+1: 7
[1, 2, 3, 4, 5, 5, 5, 5, 7, 6, 7, 6, 7, 8, 8, 8, 8, 8, 9, 9, 7]
Nr: 73 gives: 7

i: 74, a: 7, m[-1]+1: 8
[1, 2, 3, 4, 5, 5, 5, 5, 7, 6, 7, 6, 7, 8, 8, 8, 8, 8, 9, 9, 7]
Nr: 74 gives: 7

i: 75, a: 6, m[-1]+1: 8
[1, 2, 3, 4, 5, 5, 5, 5, 7, 6, 7, 6, 7, 8, 8, 8, 8, 8, 9, 9, 7]
Nr: 75 gives: 6

i: 76, a: 7, m[-1]+1: 7
[1, 2, 3, 4, 5, 5, 5, 5, 7, 6, 7, 6, 7, 8, 8, 8, 8, 8, 9, 9, 7]
Nr: 76 gives: 7

i: 77, a: 9, m[-1]+1: 8
[1, 2, 3, 4, 5, 5, 5, 5, 7, 6, 7, 6, 7, 8, 8, 8, 8, 8, 9, 9, 7]
Nr: 77 gives: 8

i: 78, a: 8, m[-1]+1: 9
[1, 2, 3, 4, 5, 5, 5, 5, 7, 6, 7, 6, 7, 8, 8, 8, 8, 8, 9, 9, 7]
Nr: 78 gives: 8

i: 79, a: 9, m[-1]+1: 9
[1, 2, 3, 4, 5, 5, 5, 5, 7, 6, 7, 6, 7, 8, 8, 8, 8, 8, 9, 9, 7, 9]
Nr: 79 gives: 9

i: 80, a: 7, m[-1]+1: 10
[1, 2, 3, 4, 5, 5, 5, 5, 7, 6, 7, 6, 7, 8, 8, 8, 8, 8, 9, 9, 7, 9]
Nr: 80 gives: 7

i: 81, a: 5, m[-1]+1: 8
[1, 2, 3, 4, 5, 5, 5, 5, 7, 6, 7, 6, 7, 8, 8, 8, 8, 8, 9, 9, 7, 9]
Nr: 81 gives: 5

i: 82, a: 8, m[-1]+1: 6
[1, 2, 3, 4, 5, 5, 5, 5, 7, 6, 7, 6, 7, 8, 8, 8, 8, 8, 9, 9, 7, 9]
Nr: 82 gives: 6

i: 83, a: 7, m[-1]+1: 7
[1, 2, 3, 4, 5, 5, 5, 5, 7, 6, 7, 6, 7, 8, 8, 8, 8, 8, 9, 9, 7, 9, 7]
Nr: 83 gives: 7

i: 84, a: 8, m[-1]+1: 8
[1, 2, 3, 4, 5, 5, 5, 5, 7, 6, 7, 6, 7, 8, 8, 8, 8, 8, 9, 9, 7, 9, 7]
Nr: 84 gives: 8

i: 85, a: 8, m[-1]+1: 9
[1, 2, 3, 4, 5, 5, 5, 5, 7, 6, 7, 6, 7, 8, 8, 8, 8, 8, 9, 9, 7, 9, 7]
Nr: 85 gives: 8

i: 86, a: 9, m[-1]+1: 9
[1, 2, 3, 4, 5, 5, 5, 5, 7, 6, 7, 6, 7, 8, 8, 8, 8, 8, 9, 9, 7, 9, 7]
Nr: 86 gives: 9

i: 87, a: 8, m[-1]+1: 10
[1, 2, 3, 4, 5, 5, 5, 5, 7, 6, 7, 6, 7, 8, 8, 8, 8, 8, 9, 9, 7, 9, 7]
Nr: 87 gives: 8

i: 88, a: 8, m[-1]+1: 9
[1, 2, 3, 4, 5, 5, 5, 5, 7, 6, 7, 6, 7, 8, 8, 8, 8, 8, 9, 9, 7, 9, 7]
Nr: 88 gives: 8

i: 89, a: 9, m[-1]+1: 9
[1, 2, 3, 4, 5, 5, 5, 5, 7, 6, 7, 6, 7, 8, 8, 8, 8, 8, 9, 9, 7, 9, 7, 9]
Nr: 89 gives: 9

i: 90, a: 7, m[-1]+1: 10
[1, 2, 3, 4, 5, 5, 5, 5, 7, 6, 7, 6, 7, 8, 8, 8, 8, 8, 9, 9, 7, 9, 7, 9]
Nr: 90 gives: 7

i: 91, a: 9, m[-1]+1: 8
[1, 2, 3, 4, 5, 5, 5, 5, 7, 6, 7, 6, 7, 8, 8, 8, 8, 8, 9, 9, 7, 9, 7, 9]
Nr: 91 gives: 8

i: 92, a: 9, m[-1]+1: 9
[1, 2, 3, 4, 5, 5, 5, 5, 7, 6, 7, 6, 7, 8, 8, 8, 8, 8, 9, 9, 7, 9, 7, 9]
Nr: 92 gives: 9

i: 93, a: 9, m[-1]+1: 10
[1, 2, 3, 4, 5, 5, 5, 5, 7, 6, 7, 6, 7, 8, 8, 8, 8, 8, 9, 9, 7, 9, 7, 9]
Nr: 93 gives: 9

i: 94, a: 9, m[-1]+1: 10
[1, 2, 3, 4, 5, 5, 5, 5, 7, 6, 7, 6, 7, 8, 8, 8, 8, 8, 9, 9, 7, 9, 7, 9]
Nr: 94 gives: 9

i: 95, a: 8, m[-1]+1: 10
[1, 2, 3, 4, 5, 5, 5, 5, 7, 6, 7, 6, 7, 8, 8, 8, 8, 8, 9, 9, 7, 9, 7, 9]
Nr: 95 gives: 8

i: 96, a: 7, m[-1]+1: 9
[1, 2, 3, 4, 5, 5, 5, 5, 7, 6, 7, 6, 7, 8, 8, 8, 8, 8, 9, 9, 7, 9, 7, 9]
Nr: 96 gives: 7

i: 97, a: 8, m[-1]+1: 8
[1, 2, 3, 4, 5, 5, 5, 5, 7, 6, 7, 6, 7, 8, 8, 8, 8, 8, 9, 9, 7, 9, 7, 9, 8]
Nr: 97 gives: 8

i: 98, a: 6, m[-1]+1: 9
[1, 2, 3, 4, 5, 5, 5, 5, 7, 6, 7, 6, 7, 8, 8, 8, 8, 8, 9, 9, 7, 9, 7, 9, 8]
Nr: 98 gives: 6

i: 99, a: 8, m[-1]+1: 7
[1, 2, 3, 4, 5, 5, 5, 5, 7, 6, 7, 6, 7, 8, 8, 8, 8, 8, 9, 9, 7, 9, 7, 9, 8]
Nr: 99 gives: 7

i: 100, a: 6, m[-1]+1: 8
[1, 2, 3, 4, 5, 5, 5, 5, 7, 6, 7, 6, 7, 8, 8, 8, 8, 8, 9, 9, 7, 9, 7, 9, 8]
Nr: 100 gives: 6

i: 101, a: 7, m[-1]+1: 7
[1, 2, 3, 4, 5, 5, 5, 5, 7, 6, 7, 6, 7, 8, 8, 8, 8, 8, 9, 9, 7, 9, 7, 9, 8, 7]
Nr: 101 gives: 7

i: 102, a: 8, m[-1]+1: 8
[1, 2, 3, 4, 5, 5, 5, 5, 7, 6, 7, 6, 7, 8, 8, 8, 8, 8, 9, 9, 7, 9, 7, 9, 8, 7]
Nr: 102 gives: 8

i: 103, a: 9, m[-1]+1: 9
[1, 2, 3, 4, 5, 5, 5, 5, 7, 6, 7, 6, 7, 8, 8, 8, 8, 8, 9, 9, 7, 9, 7, 9, 8, 7, 9]
Nr: 103 gives: 9

i: 104, a: 8, m[-1]+1: 10
[1, 2, 3, 4, 5, 5, 5, 5, 7, 6, 7, 6, 7, 8, 8, 8, 8, 8, 9, 9, 7, 9, 7, 9, 8, 7, 9]
Nr: 104 gives: 8

i: 105, a: 9, m[-1]+1: 9
[1, 2, 3, 4, 5, 5, 5, 5, 7, 6, 7, 6, 7, 8, 8, 8, 8, 8, 9, 9, 7, 9, 7, 9, 8, 7, 9]
Nr: 105 gives: 9

i: 106, a: 9, m[-1]+1: 10
[1, 2, 3, 4, 5, 5, 5, 5, 7, 6, 7, 6, 7, 8, 8, 8, 8, 8, 9, 9, 7, 9, 7, 9, 8, 7, 9]
Nr: 106 gives: 9

i: 107, a: 10, m[-1]+1: 10
[1, 2, 3, 4, 5, 5, 5, 5, 7, 6, 7, 6, 7, 8, 8, 8, 8, 8, 9, 9, 7, 9, 7, 9, 8, 7, 9, 10]
Nr: 107 gives: 10

i: 108, a: 6, m[-1]+1: 11
[1, 2, 3, 4, 5, 5, 5, 5, 7, 6, 7, 6, 7, 8, 8, 8, 8, 8, 9, 9, 7, 9, 7, 9, 8, 7, 9, 10]
Nr: 108 gives: 6

i: 109, a: 7, m[-1]+1: 7
[1, 2, 3, 4, 5, 5, 5, 5, 7, 6, 7, 6, 7, 8, 8, 8, 8, 8, 9, 9, 7, 9, 7, 9, 8, 7, 9, 10, 7]
Nr: 109 gives: 7

i: 110, a: 9, m[-1]+1: 8
[1, 2, 3, 4, 5, 5, 5, 5, 7, 6, 7, 6, 7, 8, 8, 8, 8, 8, 9, 9, 7, 9, 7, 9, 8, 7, 9, 10, 7]
Nr: 110 gives: 8

i: 111, a: 8, m[-1]+1: 9
[1, 2, 3, 4, 5, 5, 5, 5, 7, 6, 7, 6, 7, 8, 8, 8, 8, 8, 9, 9, 7, 9, 7, 9, 8, 7, 9, 10, 7]
Nr: 111 gives: 8

i: 112, a: 8, m[-1]+1: 9
[1, 2, 3, 4, 5, 5, 5, 5, 7, 6, 7, 6, 7, 8, 8, 8, 8, 8, 9, 9, 7, 9, 7, 9, 8, 7, 9, 10, 7]
Nr: 112 gives: 8

i: 113, a: 9, m[-1]+1: 9
[1, 2, 3, 4, 5, 5, 5, 5, 7, 6, 7, 6, 7, 8, 8, 8, 8, 8, 9, 9, 7, 9, 7, 9, 8, 7, 9, 10, 7, 9]
Nr: 113 gives: 9

i: 114, a: 8, m[-1]+1: 10
[1, 2, 3, 4, 5, 5, 5, 5, 7, 6, 7, 6, 7, 8, 8, 8, 8, 8, 9, 9, 7, 9, 7, 9, 8, 7, 9, 10, 7, 9]
Nr: 114 gives: 8

i: 115, a: 10, m[-1]+1: 9
[1, 2, 3, 4, 5, 5, 5, 5, 7, 6, 7, 6, 7, 8, 8, 8, 8, 8, 9, 9, 7, 9, 7, 9, 8, 7, 9, 10, 7, 9]
Nr: 115 gives: 9

i: 116, a: 8, m[-1]+1: 10
[1, 2, 3, 4, 5, 5, 5, 5, 7, 6, 7, 6, 7, 8, 8, 8, 8, 8, 9, 9, 7, 9, 7, 9, 8, 7, 9, 10, 7, 9]
Nr: 116 gives: 8

i: 117, a: 8, m[-1]+1: 9
[1, 2, 3, 4, 5, 5, 5, 5, 7, 6, 7, 6, 7, 8, 8, 8, 8, 8, 9, 9, 7, 9, 7, 9, 8, 7, 9, 10, 7, 9]
Nr: 117 gives: 8

i: 118, a: 9, m[-1]+1: 9
[1, 2, 3, 4, 5, 5, 5, 5, 7, 6, 7, 6, 7, 8, 8, 8, 8, 8, 9, 9, 7, 9, 7, 9, 8, 7, 9, 10, 7, 9]
Nr: 118 gives: 9

i: 119, a: 9, m[-1]+1: 10
[1, 2, 3, 4, 5, 5, 5, 5, 7, 6, 7, 6, 7, 8, 8, 8, 8, 8, 9, 9, 7, 9, 7, 9, 8, 7, 9, 10, 7, 9]
Nr: 119 gives: 9

i: 120, a: 8, m[-1]+1: 10
[1, 2, 3, 4, 5, 5, 5, 5, 7, 6, 7, 6, 7, 8, 8, 8, 8, 8, 9, 9, 7, 9, 7, 9, 8, 7, 9, 10, 7, 9]
Nr: 120 gives: 8

i: 121, a: 6, m[-1]+1: 9
[1, 2, 3, 4, 5, 5, 5, 5, 7, 6, 7, 6, 7, 8, 8, 8, 8, 8, 9, 9, 7, 9, 7, 9, 8, 7, 9, 10, 7, 9]
Nr: 121 gives: 6

i: 122, a: 9, m[-1]+1: 7
[1, 2, 3, 4, 5, 5, 5, 5, 7, 6, 7, 6, 7, 8, 8, 8, 8, 8, 9, 9, 7, 9, 7, 9, 8, 7, 9, 10, 7, 9]
Nr: 122 gives: 7

i: 123, a: 9, m[-1]+1: 8
[1, 2, 3, 4, 5, 5, 5, 5, 7, 6, 7, 6, 7, 8, 8, 8, 8, 8, 9, 9, 7, 9, 7, 9, 8, 7, 9, 10, 7, 9]
Nr: 123 gives: 8

i: 124, a: 9, m[-1]+1: 9
[1, 2, 3, 4, 5, 5, 5, 5, 7, 6, 7, 6, 7, 8, 8, 8, 8, 8, 9, 9, 7, 9, 7, 9, 8, 7, 9, 10, 7, 9]
Nr: 124 gives: 9

i: 125, a: 5, m[-1]+1: 10
[1, 2, 3, 4, 5, 5, 5, 5, 7, 6, 7, 6, 7, 8, 8, 8, 8, 8, 9, 9, 7, 9, 7, 9, 8, 7, 9, 10, 7, 9]
Nr: 125 gives: 5

i: 126, a: 8, m[-1]+1: 6
[1, 2, 3, 4, 5, 5, 5, 5, 7, 6, 7, 6, 7, 8, 8, 8, 8, 8, 9, 9, 7, 9, 7, 9, 8, 7, 9, 10, 7, 9]
Nr: 126 gives: 6

i: 127, a: 7, m[-1]+1: 7
[1, 2, 3, 4, 5, 5, 5, 5, 7, 6, 7, 6, 7, 8, 8, 8, 8, 8, 9, 9, 7, 9, 7, 9, 8, 7, 9, 10, 7, 9, 7]
Nr: 127 gives: 7

i: 128, a: 7, m[-1]+1: 8
[1, 2, 3, 4, 5, 5, 5, 5, 7, 6, 7, 6, 7, 8, 8, 8, 8, 8, 9, 9, 7, 9, 7, 9, 8, 7, 9, 10, 7, 9, 7]
Nr: 128 gives: 7

i: 129, a: 10, m[-1]+1: 8
[1, 2, 3, 4, 5, 5, 5, 5, 7, 6, 7, 6, 7, 8, 8, 8, 8, 8, 9, 9, 7, 9, 7, 9, 8, 7, 9, 10, 7, 9, 7]
Nr: 129 gives: 8

i: 130, a: 9, m[-1]+1: 9
[1, 2, 3, 4, 5, 5, 5, 5, 7, 6, 7, 6, 7, 8, 8, 8, 8, 8, 9, 9, 7, 9, 7, 9, 8, 7, 9, 10, 7, 9, 7]
Nr: 130 gives: 9

i: 131, a: 10, m[-1]+1: 10
[1, 2, 3, 4, 5, 5, 5, 5, 7, 6, 7, 6, 7, 8, 8, 8, 8, 8, 9, 9, 7, 9, 7, 9, 8, 7, 9, 10, 7, 9, 7, 10]
Nr: 131 gives: 10

i: 132, a: 9, m[-1]+1: 11
[1, 2, 3, 4, 5, 5, 5, 5, 7, 6, 7, 6, 7, 8, 8, 8, 8, 8, 9, 9, 7, 9, 7, 9, 8, 7, 9, 10, 7, 9, 7, 10]
Nr: 132 gives: 9

i: 133, a: 9, m[-1]+1: 10
[1, 2, 3, 4, 5, 5, 5, 5, 7, 6, 7, 6, 7, 8, 8, 8, 8, 8, 9, 9, 7, 9, 7, 9, 8, 7, 9, 10, 7, 9, 7, 10]
Nr: 133 gives: 9

i: 134, a: 10, m[-1]+1: 10
[1, 2, 3, 4, 5, 5, 5, 5, 7, 6, 7, 6, 7, 8, 8, 8, 8, 8, 9, 9, 7, 9, 7, 9, 8, 7, 9, 10, 7, 9, 7, 10]
Nr: 134 gives: 10

i: 135, a: 7, m[-1]+1: 11
[1, 2, 3, 4, 5, 5, 5, 5, 7, 6, 7, 6, 7, 8, 8, 8, 8, 8, 9, 9, 7, 9, 7, 9, 8, 7, 9, 10, 7, 9, 7, 10]
Nr: 135 gives: 7

i: 136, a: 8, m[-1]+1: 8
[1, 2, 3, 4, 5, 5, 5, 5, 7, 6, 7, 6, 7, 8, 8, 8, 8, 8, 9, 9, 7, 9, 7, 9, 8, 7, 9, 10, 7, 9, 7, 10]
Nr: 136 gives: 8

i: 137, a: 9, m[-1]+1: 9
[1, 2, 3, 4, 5, 5, 5, 5, 7, 6, 7, 6, 7, 8, 8, 8, 8, 8, 9, 9, 7, 9, 7, 9, 8, 7, 9, 10, 7, 9, 7, 10, 9]
Nr: 137 gives: 9

i: 138, a: 10, m[-1]+1: 10
[1, 2, 3, 4, 5, 5, 5, 5, 7, 6, 7, 6, 7, 8, 8, 8, 8, 8, 9, 9, 7, 9, 7, 9, 8, 7, 9, 10, 7, 9, 7, 10, 9]
Nr: 138 gives: 10

i: 139, a: 11, m[-1]+1: 11
[1, 2, 3, 4, 5, 5, 5, 5, 7, 6, 7, 6, 7, 8, 8, 8, 8, 8, 9, 9, 7, 9, 7, 9, 8, 7, 9, 10, 7, 9, 7, 10, 9, 11]
Nr: 139 gives: 11

i: 140, a: 9, m[-1]+1: 12
[1, 2, 3, 4, 5, 5, 5, 5, 7, 6, 7, 6, 7, 8, 8, 8, 8, 8, 9, 9, 7, 9, 7, 9, 8, 7, 9, 10, 7, 9, 7, 10, 9, 11]
Nr: 140 gives: 9

i: 141, a: 10, m[-1]+1: 10
[1, 2, 3, 4, 5, 5, 5, 5, 7, 6, 7, 6, 7, 8, 8, 8, 8, 8, 9, 9, 7, 9, 7, 9, 8, 7, 9, 10, 7, 9, 7, 10, 9, 11]
Nr: 141 gives: 10

i: 142, a: 10, m[-1]+1: 11
[1, 2, 3, 4, 5, 5, 5, 5, 7, 6, 7, 6, 7, 8, 8, 8, 8, 8, 9, 9, 7, 9, 7, 9, 8, 7, 9, 10, 7, 9, 7, 10, 9, 11]
Nr: 142 gives: 10

i: 143, a: 10, m[-1]+1: 11
[1, 2, 3, 4, 5, 5, 5, 5, 7, 6, 7, 6, 7, 8, 8, 8, 8, 8, 9, 9, 7, 9, 7, 9, 8, 7, 9, 10, 7, 9, 7, 10, 9, 11]
Nr: 143 gives: 10

i: 144, a: 7, m[-1]+1: 11
[1, 2, 3, 4, 5, 5, 5, 5, 7, 6, 7, 6, 7, 8, 8, 8, 8, 8, 9, 9, 7, 9, 7, 9, 8, 7, 9, 10, 7, 9, 7, 10, 9, 11]
Nr: 144 gives: 7

i: 145, a: 9, m[-1]+1: 8
[1, 2, 3, 4, 5, 5, 5, 5, 7, 6, 7, 6, 7, 8, 8, 8, 8, 8, 9, 9, 7, 9, 7, 9, 8, 7, 9, 10, 7, 9, 7, 10, 9, 11]
Nr: 145 gives: 8

i: 146, a: 8, m[-1]+1: 9
[1, 2, 3, 4, 5, 5, 5, 5, 7, 6, 7, 6, 7, 8, 8, 8, 8, 8, 9, 9, 7, 9, 7, 9, 8, 7, 9, 10, 7, 9, 7, 10, 9, 11]
Nr: 146 gives: 8

i: 147, a: 7, m[-1]+1: 9
[1, 2, 3, 4, 5, 5, 5, 5, 7, 6, 7, 6, 7, 8, 8, 8, 8, 8, 9, 9, 7, 9, 7, 9, 8, 7, 9, 10, 7, 9, 7, 10, 9, 11]
Nr: 147 gives: 7

i: 148, a: 8, m[-1]+1: 8
[1, 2, 3, 4, 5, 5, 5, 5, 7, 6, 7, 6, 7, 8, 8, 8, 8, 8, 9, 9, 7, 9, 7, 9, 8, 7, 9, 10, 7, 9, 7, 10, 9, 11]
Nr: 148 gives: 8

i: 149, a: 9, m[-1]+1: 9
[1, 2, 3, 4, 5, 5, 5, 5, 7, 6, 7, 6, 7, 8, 8, 8, 8, 8, 9, 9, 7, 9, 7, 9, 8, 7, 9, 10, 7, 9, 7, 10, 9, 11, 9]
Nr: 149 gives: 9

i: 150, a: 7, m[-1]+1: 10
[1, 2, 3, 4, 5, 5, 5, 5, 7, 6, 7, 6, 7, 8, 8, 8, 8, 8, 9, 9, 7, 9, 7, 9, 8, 7, 9, 10, 7, 9, 7, 10, 9, 11, 9]
Nr: 150 gives: 7

i: 151, a: 8, m[-1]+1: 8
[1, 2, 3, 4, 5, 5, 5, 5, 7, 6, 7, 6, 7, 8, 8, 8, 8, 8, 9, 9, 7, 9, 7, 9, 8, 7, 9, 10, 7, 9, 7, 10, 9, 11, 9, 8]
Nr: 151 gives: 8

i: 152, a: 8, m[-1]+1: 9
[1, 2, 3, 4, 5, 5, 5, 5, 7, 6, 7, 6, 7, 8, 8, 8, 8, 8, 9, 9, 7, 9, 7, 9, 8, 7, 9, 10, 7, 9, 7, 10, 9, 11, 9, 8]
Nr: 152 gives: 8

i: 153, a: 8, m[-1]+1: 9
[1, 2, 3, 4, 5, 5, 5, 5, 7, 6, 7, 6, 7, 8, 8, 8, 8, 8, 9, 9, 7, 9, 7, 9, 8, 7, 9, 10, 7, 9, 7, 10, 9, 11, 9, 8]
Nr: 153 gives: 8

i: 154, a: 10, m[-1]+1: 9
[1, 2, 3, 4, 5, 5, 5, 5, 7, 6, 7, 6, 7, 8, 8, 8, 8, 8, 9, 9, 7, 9, 7, 9, 8, 7, 9, 10, 7, 9, 7, 10, 9, 11, 9, 8]
Nr: 154 gives: 9

i: 155, a: 10, m[-1]+1: 10
[1, 2, 3, 4, 5, 5, 5, 5, 7, 6, 7, 6, 7, 8, 8, 8, 8, 8, 9, 9, 7, 9, 7, 9, 8, 7, 9, 10, 7, 9, 7, 10, 9, 11, 9, 8]
Nr: 155 gives: 10

i: 156, a: 9, m[-1]+1: 11
[1, 2, 3, 4, 5, 5, 5, 5, 7, 6, 7, 6, 7, 8, 8, 8, 8, 8, 9, 9, 7, 9, 7, 9, 8, 7, 9, 10, 7, 9, 7, 10, 9, 11, 9, 8]
Nr: 156 gives: 9

i: 157, a: 10, m[-1]+1: 10
[1, 2, 3, 4, 5, 5, 5, 5, 7, 6, 7, 6, 7, 8, 8, 8, 8, 8, 9, 9, 7, 9, 7, 9, 8, 7, 9, 10, 7, 9, 7, 10, 9, 11, 9, 8, 10]
Nr: 157 gives: 10

i: 158, a: 10, m[-1]+1: 11
[1, 2, 3, 4, 5, 5, 5, 5, 7, 6, 7, 6, 7, 8, 8, 8, 8, 8, 9, 9, 7, 9, 7, 9, 8, 7, 9, 10, 7, 9, 7, 10, 9, 11, 9, 8, 10]
Nr: 158 gives: 10

i: 159, a: 10, m[-1]+1: 11
[1, 2, 3, 4, 5, 5, 5, 5, 7, 6, 7, 6, 7, 8, 8, 8, 8, 8, 9, 9, 7, 9, 7, 9, 8, 7, 9, 10, 7, 9, 7, 10, 9, 11, 9, 8, 10]
Nr: 159 gives: 10

i: 160, a: 8, m[-1]+1: 11
[1, 2, 3, 4, 5, 5, 5, 5, 7, 6, 7, 6, 7, 8, 8, 8, 8, 8, 9, 9, 7, 9, 7, 9, 8, 7, 9, 10, 7, 9, 7, 10, 9, 11, 9, 8, 10]
Nr: 160 gives: 8

i: 161, a: 11, m[-1]+1: 9
[1, 2, 3, 4, 5, 5, 5, 5, 7, 6, 7, 6, 7, 8, 8, 8, 8, 8, 9, 9, 7, 9, 7, 9, 8, 7, 9, 10, 7, 9, 7, 10, 9, 11, 9, 8, 10]
Nr: 161 gives: 9

i: 162, a: 6, m[-1]+1: 10
[1, 2, 3, 4, 5, 5, 5, 5, 7, 6, 7, 6, 7, 8, 8, 8, 8, 8, 9, 9, 7, 9, 7, 9, 8, 7, 9, 10, 7, 9, 7, 10, 9, 11, 9, 8, 10]
Nr: 162 gives: 6

i: 163, a: 7, m[-1]+1: 7
[1, 2, 3, 4, 5, 5, 5, 5, 7, 6, 7, 6, 7, 8, 8, 8, 8, 8, 9, 9, 7, 9, 7, 9, 8, 7, 9, 10, 7, 9, 7, 10, 9, 11, 9, 8, 10, 7]
Nr: 163 gives: 7

i: 164, a: 9, m[-1]+1: 8
[1, 2, 3, 4, 5, 5, 5, 5, 7, 6, 7, 6, 7, 8, 8, 8, 8, 8, 9, 9, 7, 9, 7, 9, 8, 7, 9, 10, 7, 9, 7, 10, 9, 11, 9, 8, 10, 7]
Nr: 164 gives: 8

i: 165, a: 10, m[-1]+1: 9
[1, 2, 3, 4, 5, 5, 5, 5, 7, 6, 7, 6, 7, 8, 8, 8, 8, 8, 9, 9, 7, 9, 7, 9, 8, 7, 9, 10, 7, 9, 7, 10, 9, 11, 9, 8, 10, 7]
Nr: 165 gives: 9

i: 166, a: 8, m[-1]+1: 10
[1, 2, 3, 4, 5, 5, 5, 5, 7, 6, 7, 6, 7, 8, 8, 8, 8, 8, 9, 9, 7, 9, 7, 9, 8, 7, 9, 10, 7, 9, 7, 10, 9, 11, 9, 8, 10, 7]
Nr: 166 gives: 8

i: 167, a: 9, m[-1]+1: 9
[1, 2, 3, 4, 5, 5, 5, 5, 7, 6, 7, 6, 7, 8, 8, 8, 8, 8, 9, 9, 7, 9, 7, 9, 8, 7, 9, 10, 7, 9, 7, 10, 9, 11, 9, 8, 10, 7, 9]
Nr: 167 gives: 9

i: 168, a: 9, m[-1]+1: 10
[1, 2, 3, 4, 5, 5, 5, 5, 7, 6, 7, 6, 7, 8, 8, 8, 8, 8, 9, 9, 7, 9, 7, 9, 8, 7, 9, 10, 7, 9, 7, 10, 9, 11, 9, 8, 10, 7, 9]
Nr: 168 gives: 9

i: 169, a: 6, m[-1]+1: 10
[1, 2, 3, 4, 5, 5, 5, 5, 7, 6, 7, 6, 7, 8, 8, 8, 8, 8, 9, 9, 7, 9, 7, 9, 8, 7, 9, 10, 7, 9, 7, 10, 9, 11, 9, 8, 10, 7, 9]
Nr: 169 gives: 6

i: 170, a: 9, m[-1]+1: 7
[1, 2, 3, 4, 5, 5, 5, 5, 7, 6, 7, 6, 7, 8, 8, 8, 8, 8, 9, 9, 7, 9, 7, 9, 8, 7, 9, 10, 7, 9, 7, 10, 9, 11, 9, 8, 10, 7, 9]
Nr: 170 gives: 7

i: 171, a: 8, m[-1]+1: 8
[1, 2, 3, 4, 5, 5, 5, 5, 7, 6, 7, 6, 7, 8, 8, 8, 8, 8, 9, 9, 7, 9, 7, 9, 8, 7, 9, 10, 7, 9, 7, 10, 9, 11, 9, 8, 10, 7, 9]
Nr: 171 gives: 8

i: 172, a: 10, m[-1]+1: 9
[1, 2, 3, 4, 5, 5, 5, 5, 7, 6, 7, 6, 7, 8, 8, 8, 8, 8, 9, 9, 7, 9, 7, 9, 8, 7, 9, 10, 7, 9, 7, 10, 9, 11, 9, 8, 10, 7, 9]
Nr: 172 gives: 9

i: 173, a: 10, m[-1]+1: 10
[1, 2, 3, 4, 5, 5, 5, 5, 7, 6, 7, 6, 7, 8, 8, 8, 8, 8, 9, 9, 7, 9, 7, 9, 8, 7, 9, 10, 7, 9, 7, 10, 9, 11, 9, 8, 10, 7, 9, 10]
Nr: 173 gives: 10

i: 174, a: 9, m[-1]+1: 11
[1, 2, 3, 4, 5, 5, 5, 5, 7, 6, 7, 6, 7, 8, 8, 8, 8, 8, 9, 9, 7, 9, 7, 9, 8, 7, 9, 10, 7, 9, 7, 10, 9, 11, 9, 8, 10, 7, 9, 10]
Nr: 174 gives: 9

i: 175, a: 8, m[-1]+1: 10
[1, 2, 3, 4, 5, 5, 5, 5, 7, 6, 7, 6, 7, 8, 8, 8, 8, 8, 9, 9, 7, 9, 7, 9, 8, 7, 9, 10, 7, 9, 7, 10, 9, 11, 9, 8, 10, 7, 9, 10]
Nr: 175 gives: 8

i: 176, a: 9, m[-1]+1: 9
[1, 2, 3, 4, 5, 5, 5, 5, 7, 6, 7, 6, 7, 8, 8, 8, 8, 8, 9, 9, 7, 9, 7, 9, 8, 7, 9, 10, 7, 9, 7, 10, 9, 11, 9, 8, 10, 7, 9, 10]
Nr: 176 gives: 9

i: 177, a: 10, m[-1]+1: 10
[1, 2, 3, 4, 5, 5, 5, 5, 7, 6, 7, 6, 7, 8, 8, 8, 8, 8, 9, 9, 7, 9, 7, 9, 8, 7, 9, 10, 7, 9, 7, 10, 9, 11, 9, 8, 10, 7, 9, 10]
Nr: 177 gives: 10

i: 178, a: 10, m[-1]+1: 11
[1, 2, 3, 4, 5, 5, 5, 5, 7, 6, 7, 6, 7, 8, 8, 8, 8, 8, 9, 9, 7, 9, 7, 9, 8, 7, 9, 10, 7, 9, 7, 10, 9, 11, 9, 8, 10, 7, 9, 10]
Nr: 178 gives: 10

i: 179, a: 11, m[-1]+1: 11
[1, 2, 3, 4, 5, 5, 5, 5, 7, 6, 7, 6, 7, 8, 8, 8, 8, 8, 9, 9, 7, 9, 7, 9, 8, 7, 9, 10, 7, 9, 7, 10, 9, 11, 9, 8, 10, 7, 9, 10, 11]
Nr: 179 gives: 11

i: 180, a: 8, m[-1]+1: 12
[1, 2, 3, 4, 5, 5, 5, 5, 7, 6, 7, 6, 7, 8, 8, 8, 8, 8, 9, 9, 7, 9, 7, 9, 8, 7, 9, 10, 7, 9, 7, 10, 9, 11, 9, 8, 10, 7, 9, 10, 11]
Nr: 180 gives: 8

i: 181, a: 9, m[-1]+1: 9
[1, 2, 3, 4, 5, 5, 5, 5, 7, 6, 7, 6, 7, 8, 8, 8, 8, 8, 9, 9, 7, 9, 7, 9, 8, 7, 9, 10, 7, 9, 7, 10, 9, 11, 9, 8, 10, 7, 9, 10, 11, 9]
Nr: 181 gives: 9

i: 182, a: 10, m[-1]+1: 10
[1, 2, 3, 4, 5, 5, 5, 5, 7, 6, 7, 6, 7, 8, 8, 8, 8, 8, 9, 9, 7, 9, 7, 9, 8, 7, 9, 10, 7, 9, 7, 10, 9, 11, 9, 8, 10, 7, 9, 10, 11, 9]
Nr: 182 gives: 10

i: 183, a: 10, m[-1]+1: 11
[1, 2, 3, 4, 5, 5, 5, 5, 7, 6, 7, 6, 7, 8, 8, 8, 8, 8, 9, 9, 7, 9, 7, 9, 8, 7, 9, 10, 7, 9, 7, 10, 9, 11, 9, 8, 10, 7, 9, 10, 11, 9]
Nr: 183 gives: 10

i: 184, a: 10, m[-1]+1: 11
[1, 2, 3, 4, 5, 5, 5, 5, 7, 6, 7, 6, 7, 8, 8, 8, 8, 8, 9, 9, 7, 9, 7, 9, 8, 7, 9, 10, 7, 9, 7, 10, 9, 11, 9, 8, 10, 7, 9, 10, 11, 9]
Nr: 184 gives: 10

i: 185, a: 9, m[-1]+1: 11
[1, 2, 3, 4, 5, 5, 5, 5, 7, 6, 7, 6, 7, 8, 8, 8, 8, 8, 9, 9, 7, 9, 7, 9, 8, 7, 9, 10, 7, 9, 7, 10, 9, 11, 9, 8, 10, 7, 9, 10, 11, 9]
Nr: 185 gives: 9

i: 186, a: 10, m[-1]+1: 10
[1, 2, 3, 4, 5, 5, 5, 5, 7, 6, 7, 6, 7, 8, 8, 8, 8, 8, 9, 9, 7, 9, 7, 9, 8, 7, 9, 10, 7, 9, 7, 10, 9, 11, 9, 8, 10, 7, 9, 10, 11, 9]
Nr: 186 gives: 10

i: 187, a: 10, m[-1]+1: 11
[1, 2, 3, 4, 5, 5, 5, 5, 7, 6, 7, 6, 7, 8, 8, 8, 8, 8, 9, 9, 7, 9, 7, 9, 8, 7, 9, 10, 7, 9, 7, 10, 9, 11, 9, 8, 10, 7, 9, 10, 11, 9]
Nr: 187 gives: 10

i: 188, a: 10, m[-1]+1: 11
[1, 2, 3, 4, 5, 5, 5, 5, 7, 6, 7, 6, 7, 8, 8, 8, 8, 8, 9, 9, 7, 9, 7, 9, 8, 7, 9, 10, 7, 9, 7, 10, 9, 11, 9, 8, 10, 7, 9, 10, 11, 9]
Nr: 188 gives: 10

i: 189, a: 8, m[-1]+1: 11
[1, 2, 3, 4, 5, 5, 5, 5, 7, 6, 7, 6, 7, 8, 8, 8, 8, 8, 9, 9, 7, 9, 7, 9, 8, 7, 9, 10, 7, 9, 7, 10, 9, 11, 9, 8, 10, 7, 9, 10, 11, 9]
Nr: 189 gives: 8

i: 190, a: 9, m[-1]+1: 9
[1, 2, 3, 4, 5, 5, 5, 5, 7, 6, 7, 6, 7, 8, 8, 8, 8, 8, 9, 9, 7, 9, 7, 9, 8, 7, 9, 10, 7, 9, 7, 10, 9, 11, 9, 8, 10, 7, 9, 10, 11, 9]
Nr: 190 gives: 9

i: 191, a: 10, m[-1]+1: 10
[1, 2, 3, 4, 5, 5, 5, 5, 7, 6, 7, 6, 7, 8, 8, 8, 8, 8, 9, 9, 7, 9, 7, 9, 8, 7, 9, 10, 7, 9, 7, 10, 9, 11, 9, 8, 10, 7, 9, 10, 11, 9, 10]
Nr: 191 gives: 10

i: 192, a: 8, m[-1]+1: 11
[1, 2, 3, 4, 5, 5, 5, 5, 7, 6, 7, 6, 7, 8, 8, 8, 8, 8, 9, 9, 7, 9, 7, 9, 8, 7, 9, 10, 7, 9, 7, 10, 9, 11, 9, 8, 10, 7, 9, 10, 11, 9, 10]
Nr: 192 gives: 8

i: 193, a: 9, m[-1]+1: 9
[1, 2, 3, 4, 5, 5, 5, 5, 7, 6, 7, 6, 7, 8, 8, 8, 8, 8, 9, 9, 7, 9, 7, 9, 8, 7, 9, 10, 7, 9, 7, 10, 9, 11, 9, 8, 10, 7, 9, 10, 11, 9, 10, 9]
Nr: 193 gives: 9

i: 194, a: 9, m[-1]+1: 10
[1, 2, 3, 4, 5, 5, 5, 5, 7, 6, 7, 6, 7, 8, 8, 8, 8, 8, 9, 9, 7, 9, 7, 9, 8, 7, 9, 10, 7, 9, 7, 10, 9, 11, 9, 8, 10, 7, 9, 10, 11, 9, 10, 9]
Nr: 194 gives: 9

i: 195, a: 10, m[-1]+1: 10
[1, 2, 3, 4, 5, 5, 5, 5, 7, 6, 7, 6, 7, 8, 8, 8, 8, 8, 9, 9, 7, 9, 7, 9, 8, 7, 9, 10, 7, 9, 7, 10, 9, 11, 9, 8, 10, 7, 9, 10, 11, 9, 10, 9]
Nr: 195 gives: 10

i: 196, a: 7, m[-1]+1: 11
[1, 2, 3, 4, 5, 5, 5, 5, 7, 6, 7, 6, 7, 8, 8, 8, 8, 8, 9, 9, 7, 9, 7, 9, 8, 7, 9, 10, 7, 9, 7, 10, 9, 11, 9, 8, 10, 7, 9, 10, 11, 9, 10, 9]
Nr: 196 gives: 7

i: 197, a: 8, m[-1]+1: 8
[1, 2, 3, 4, 5, 5, 5, 5, 7, 6, 7, 6, 7, 8, 8, 8, 8, 8, 9, 9, 7, 9, 7, 9, 8, 7, 9, 10, 7, 9, 7, 10, 9, 11, 9, 8, 10, 7, 9, 10, 11, 9, 10, 9, 8]
Nr: 197 gives: 8

i: 198, a: 9, m[-1]+1: 9
[1, 2, 3, 4, 5, 5, 5, 5, 7, 6, 7, 6, 7, 8, 8, 8, 8, 8, 9, 9, 7, 9, 7, 9, 8, 7, 9, 10, 7, 9, 7, 10, 9, 11, 9, 8, 10, 7, 9, 10, 11, 9, 10, 9, 8]
Nr: 198 gives: 9

i: 199, a: 10, m[-1]+1: 10
[1, 2, 3, 4, 5, 5, 5, 5, 7, 6, 7, 6, 7, 8, 8, 8, 8, 8, 9, 9, 7, 9, 7, 9, 8, 7, 9, 10, 7, 9, 7, 10, 9, 11, 9, 8, 10, 7, 9, 10, 11, 9, 10, 9, 8, 10]
Nr: 199 gives: 10

i: 200, a: 7, m[-1]+1: 11
[1, 2, 3, 4, 5, 5, 5, 5, 7, 6, 7, 6, 7, 8, 8, 8, 8, 8, 9, 9, 7, 9, 7, 9, 8, 7, 9, 10, 7, 9, 7, 10, 9, 11, 9, 8, 10, 7, 9, 10, 11, 9, 10, 9, 8, 10]
Nr: 200 gives: 7

1478
