7 6
11 10
13 6
17 16
19 18
23 22
29 28
31 30
37 9
41 40
43 42
47 46
53 13
59 58
61 60
67 66
71 70
73 8
79 78
83 82
89 88
97 96
101 100
103 102
107 106
109 108
113 112
127 126
131 130
137 136
139 138
149 148
151 75
157 78
163 162
167 166
173 43
179 178
181 180
191 190
193 192
197 98
199 99
211 210
223 222
227 226
229 228
233 232
239 238
241 60
251 250
257 256
263 262
269 268
271 10
277 69
281 280
283 282
293 146
307 153
311 310
313 312
317 79
331 330
337 336
347 346
349 348
353 352
359 358
367 366
373 186
379 378
383 382
389 388
397 99
401 200
409 408
419 418
421 420
431 430
433 432
439 438
443 442
449 448
457 152
461 460
463 462
467 466
479 478
487 486
491 490
499 498
503 502
509 508
521 520
523 261
541 540
547 546
557 278
563 562
569 568
571 570
577 576
587 586
593 592
599 598
601 300
607 606
613 153
617 616
619 618
631 315
641 640
643 642
647 646
653 326
659 658
661 660
673 672
677 338
683 682
691 690
701 700
709 708
719 718
727 726
733 183
739 738
743 742
751 250
757 189
761 760
769 768
773 193
787 786
797 199
809 808
811 810
821 820
823 822
827 826
829 828
839 838
853 213
857 856
859 858
863 862
877 438
881 880
883 441
887 886
907 906
911 910
919 918
929 928
937 936
941 940
947 946
953 952
967 966
971 970
977 976
983 982
991 495
997 498
76398
